  mA   adopted  candidate  change | pureOpt_old pureOpt_new |    Z1_old    Z1_new   Z1 n/o |    Z2_old    Z2_new
   1     0.963      0.963    SAME |        0.89        0.89 |     4.942     3.932   0.7956 |     5.047     4.015
   2     0.975      0.975    SAME |        0.97        0.97 |    14.456    10.415   0.7205 |    14.521    10.462
   3     0.988      0.988    SAME |       0.985       0.985 |    27.942    19.495   0.6977 |    27.969    19.512
   4     0.995      0.995    SAME |       0.995       0.995 |    49.443    36.410   0.7364 |    49.453    36.416
   5     0.995      0.995    SAME |       0.995       0.995 |    48.328    36.322   0.7516 |    48.338    36.328
   6     0.990      0.990    SAME |        0.99        0.99 |    46.331    35.386   0.7638 |    46.336    35.389
   7     0.990      0.990    SAME |        0.99        0.99 |    44.117    34.172   0.7746 |    44.123    34.175
   8     0.990      0.990    SAME |        0.99        0.99 |    42.106    32.925   0.7820 |    42.113    32.929
   9     0.990      0.990    SAME |        0.99        0.99 |    40.144    31.684   0.7893 |    40.152    31.689
  10     0.990      0.990    SAME |        0.99        0.99 |    38.336    30.483   0.7952 |    38.344    30.489
  15     0.990      0.990    SAME |        0.99        0.99 |    29.908    24.201   0.8092 |    29.925    24.214
  20     0.985      0.985    SAME |       0.985       0.985 |    24.823    20.131   0.8110 |    24.845    20.148
  25     0.980      0.980    SAME |        0.98        0.98 |    23.034    18.622   0.8085 |    23.068    18.651
  30     0.975      0.975    SAME |       0.975       0.975 |    26.518    21.851   0.8240 |    26.570    21.895

CHANGED working points: none
