  mA   Stot_old   Stot_new   ratio | eff_old eff_new    d_eff |    B_old    B_new
   1    156.547    123.814  0.7909 |  0.0940  0.0950  +0.0010 |   92.234   92.234
   2    246.327    173.890  0.7059 |  0.4119  0.4047  -0.0072 |  142.172  142.172
   3    283.801    183.575  0.6468 |  0.6029  0.5932  -0.0097 |   69.435   69.435
   4    293.988    187.149  0.6366 |  0.6683  0.6594  -0.0090 |    7.053    7.053
   5    283.920    187.031  0.6587 |  0.6717  0.6612  -0.0105 |    7.216    7.216
   6    274.407    187.383  0.6829 |  0.7752  0.7657  -0.0096 |   14.602   14.602
   7    267.896    187.266  0.6990 |  0.7516  0.7423  -0.0093 |   15.595   15.595
   8    260.490    185.299  0.7113 |  0.7239  0.7135  -0.0103 |   15.757   15.757
   9    252.959    182.874  0.7229 |  0.7032  0.6928  -0.0103 |   16.417   16.417
  10    245.748    180.253  0.7335 |  0.6885  0.6776  -0.0109 |   17.436   17.436
  15    231.665    177.886  0.7679 |  0.5779  0.5651  -0.0129 |   25.662   25.662
  20    238.015    186.673  0.7843 |  0.5820  0.5698  -0.0122 |   58.827   58.827
  25    287.428    227.282  0.7907 |  0.5731  0.5615  -0.0116 |  119.143  119.143
  30    393.183    317.268  0.8069 |  0.5885  0.5791  -0.0095 |  182.974  182.974
