 mA truth    ntoy | sym_gaus sym_mean  sym_med | tow_gaus  tow_med | away_gaus | asym(hi-bf)/(bf-lo)
  1 Exp1     9996 |   -0.151   -0.165   -0.084 |   -0.106   -0.090 |   -0.194 | 1.14
  1 Lau1     9996 |   -0.168   -0.203   -0.143 |   -0.150   -0.147 |   -0.218 | 1.15
  1 Pow1     9986 |   -0.057   -0.084   -0.022 |   -0.015   -0.022 |   -0.083 | 1.14
  2 Exp1    10000 |   -0.092   -0.108   -0.069 |   -0.062   -0.076 |   -0.109 | 1.09
  2 Lau1     9998 |   -0.039   -0.049   -0.014 |   -0.012   -0.016 |   -0.071 | 1.09
  2 Pow3    10000 |   -0.037   -0.035   +0.005 |   -0.010   +0.004 |   -0.062 | 1.09
  3 Bern1    9992 |   -0.146   -0.159   -0.089 |   -0.089   -0.089 |   -0.189 | 1.14
  3 Exp1    10000 |   -0.078   -0.091   -0.029 |   -0.060   -0.036 |   -0.109 | 1.10
  3 Lau1    10000 |   -0.029   -0.042   +0.004 |   -0.004   +0.003 |   -0.056 | 1.09
  3 Pow3    10000 |   -0.001   -0.015   +0.033 |   +0.028   +0.034 |   -0.023 | 1.10
  4 Exp1     9980 |   -0.159   -0.203   -0.114 |   -0.110   -0.122 |   -0.201 | 1.18
  4 Lau1     9988 |   -0.194   -0.239   -0.143 |   -0.157   -0.156 |   -0.249 | 1.18
  4 Pow1     9998 |   -0.173   -0.218   -0.113 |   -0.125   -0.122 |   -0.228 | 1.19
  5 Exp1     9976 |   -0.170   -0.242   -0.118 |   -0.121   -0.136 |   -0.206 | 1.23
  5 Lau1     9984 |   -0.196   -0.279   -0.126 |   -0.161   -0.148 |   -0.249 | 1.24
  5 Pow1     9976 |   -0.083   -0.149   -0.027 |   -0.034   -0.047 |   -0.116 | 1.22
  6 Exp1     9984 |   -0.077   -0.121   -0.017 |   -0.044   -0.047 |   -0.113 | 1.15
  6 Lau1     9998 |   -0.133   -0.159   -0.044 |   -0.100   -0.074 |   -0.167 | 1.16
  6 Pow1     9996 |   -0.137   -0.171   -0.080 |   -0.096   -0.107 |   -0.172 | 1.17
  7 Exp1     9990 |   -0.092   -0.115   -0.035 |   -0.056   -0.055 |   -0.123 | 1.16
  7 Lau1     9994 |   -0.123   -0.154   -0.051 |   -0.091   -0.071 |   -0.163 | 1.17
  7 Pow1     9988 |   -0.112   -0.132   -0.040 |   -0.068   -0.060 |   -0.150 | 1.17
  8 Exp1     9994 |   -0.170   -0.210   -0.091 |   -0.132   -0.106 |   -0.209 | 1.17
  8 Lau1     9990 |   -0.204   -0.237   -0.147 |   -0.147   -0.151 |   -0.256 | 1.18
  8 Pow1     9990 |   -0.194   -0.232   -0.135 |   -0.157   -0.150 |   -0.241 | 1.18
  9 Bern6    9954 |   +0.069   +0.035   +0.045 |   +0.098   +0.050 |   +0.032 | 1.17
  9 Exp3     9948 |   -0.203   -0.262   -0.149 |   -0.178   -0.171 |   -0.247 | 1.18
  9 Lau1     9816 |   -0.111   -0.149   -0.014 |   -0.094   -0.080 |   -0.134 | 1.17
  9 Pow1     9960 |   -0.192   -0.237   -0.116 |   -0.171   -0.151 |   -0.224 | 1.18
 10 Bern5    9994 |   +0.097   +0.065   +0.095 |   +0.119   +0.103 |   +0.078 | 1.15
 10 Exp3     9950 |   -0.206   -0.240   -0.107 |   -0.181   -0.151 |   -0.241 | 1.17
 10 Lau1     9916 |   -0.118   -0.165   -0.038 |   -0.120   -0.111 |   -0.144 | 1.16
 10 Pow1     9968 |   -0.177   -0.221   -0.089 |   -0.147   -0.123 |   -0.200 | 1.17
 11 Bern2    9990 |   -0.153   -0.187   -0.080 |   -0.111   -0.095 |   -0.208 | 1.16
 11 Exp1     9994 |   -0.099   -0.126   -0.042 |   -0.076   -0.079 |   -0.128 | 1.15
 11 Lau1     9994 |   -0.137   -0.159   -0.048 |   -0.099   -0.088 |   -0.172 | 1.16
 11 Pow1     9998 |   -0.195   -0.228   -0.120 |   -0.154   -0.149 |   -0.239 | 1.17
 12 Bern5    9994 |   +0.078   +0.043   +0.060 |   +0.097   +0.067 |   +0.055 | 1.15
 12 Exp3     9964 |   -0.185   -0.231   -0.112 |   -0.170   -0.157 |   -0.217 | 1.16
 12 Lau1     9926 |   -0.110   -0.144   -0.016 |   -0.101   -0.086 |   -0.132 | 1.15
 12 Pow1     9974 |   -0.184   -0.219   -0.103 |   -0.153   -0.149 |   -0.227 | 1.16
 13 Bern4    9942 |   -0.155   -0.175   -0.059 |   -0.144   -0.126 |   -0.180 | 1.14
 13 Exp1     9966 |   -0.118   -0.161   -0.015 |   -0.116   -0.084 |   -0.136 | 1.15
 13 Lau1     9964 |   -0.182   -0.208   -0.102 |   -0.168   -0.151 |   -0.214 | 1.15
 13 Pow1     9990 |   -0.174   -0.206   -0.113 |   -0.155   -0.146 |   -0.214 | 1.16
 14 Bern5    9940 |   -0.108   -0.144   -0.040 |   -0.083   -0.066 |   -0.128 | 1.14
 14 Exp1     9910 |   +0.003   -0.017   +0.006 |   +0.042   +0.004 |   -0.010 | 1.15
 14 Lau1     9970 |   -0.071   -0.093   -0.006 |   -0.042   -0.025 |   -0.086 | 1.14
 14 Pow1     9948 |   -0.018   -0.051   +0.004 |   +0.004   +0.002 |   -0.043 | 1.15
 15 Bern5    9872 |   -0.003   -0.030   +0.001 |   -0.008   +0.001 |   -0.022 | 1.15
 15 Exp3     9940 |   -0.181   -0.224   -0.076 |   -0.172   -0.125 |   -0.211 | 1.17
 15 Lau1     9906 |   -0.121   -0.143   -0.015 |   -0.106   -0.084 |   -0.154 | 1.16
 15 Pow1     9924 |   -0.085   -0.123   -0.013 |   -0.074   -0.073 |   -0.114 | 1.17
 16 Bern6    9934 |   -0.030   -0.053   +0.009 |   +0.004   +0.005 |   -0.048 | 1.14
 16 Exp1     9920 |   -0.100   -0.136   -0.041 |   -0.084   -0.070 |   -0.136 | 1.15
 16 Lau1     9916 |   -0.143   -0.190   -0.090 |   -0.127   -0.115 |   -0.185 | 1.15
 16 Pow1     9960 |   -0.102   -0.151   -0.028 |   -0.080   -0.064 |   -0.135 | 1.16
 17 Bern5    9908 |   +0.033   +0.005   +0.012 |   +0.051   +0.007 |   +0.018 | 1.15
 17 Exp3     9950 |   -0.098   -0.151   -0.036 |   -0.078   -0.087 |   -0.140 | 1.17
 17 Lau1     9926 |   -0.113   -0.147   -0.023 |   -0.113   -0.091 |   -0.129 | 1.16
 17 Pow1     9960 |   -0.044   -0.098   -0.005 |   -0.033   -0.027 |   -0.060 | 1.16
 18 Bern5    9974 |   +0.039   +0.026   +0.022 |   +0.050   +0.023 |   +0.018 | 1.12
 18 Exp3     9984 |   -0.070   -0.097   -0.009 |   -0.044   -0.042 |   -0.100 | 1.13
 18 Lau1     9962 |   -0.147   -0.177   -0.043 |   -0.139   -0.099 |   -0.165 | 1.12
 18 Pow1     9996 |   -0.087   -0.112   -0.030 |   -0.068   -0.062 |   -0.116 | 1.13
 19 Bern5    9992 |   +0.017   +0.009   +0.027 |   +0.050   +0.028 |   -0.020 | 1.12
 19 Exp1     9938 |   -0.075   -0.094   -0.009 |   -0.059   -0.053 |   -0.104 | 1.12
 19 Lau1     9974 |   -0.128   -0.156   -0.046 |   -0.116   -0.091 |   -0.152 | 1.12
 19 Pow1     9970 |   +0.017   -0.003   +0.044 |   +0.048   +0.046 |   +0.004 | 1.12
 20 Bern5    9984 |   +0.011   +0.002   +0.017 |   +0.029   +0.011 |   -0.013 | 1.11
 20 Exp3     9974 |   -0.055   -0.070   -0.005 |   -0.036   -0.021 |   -0.078 | 1.12
 20 Lau1     9972 |   -0.111   -0.142   -0.032 |   -0.107   -0.080 |   -0.132 | 1.12
 20 Pow1     9976 |   -0.076   -0.097   -0.007 |   -0.060   -0.040 |   -0.101 | 1.12
 21 Exp1     9944 |   -0.024   -0.045   +0.000 |   -0.002   +0.000 |   -0.047 | 1.11
 21 Lau1     9988 |   -0.027   -0.046   +0.001 |   -0.007   +0.001 |   -0.056 | 1.10
 21 Pow1     9990 |   -0.066   -0.083   -0.016 |   -0.050   -0.054 |   -0.102 | 1.12
 22 Bern6    9958 |   +0.006   -0.017   +0.004 |   +0.023   +0.002 |   -0.012 | 1.10
 22 Exp3     9950 |   +0.077   +0.064   +0.044 |   +0.092   +0.046 |   +0.063 | 1.11
 22 Lau1     9922 |   -0.133   -0.148   -0.042 |   -0.113   -0.089 |   -0.156 | 1.11
 22 Pow1     9922 |   +0.019   -0.010   +0.006 |   +0.022   +0.003 |   +0.009 | 1.12
 23 Bern6    9948 |   -0.122   -0.136   -0.068 |   -0.120   -0.094 |   -0.133 | 1.08
 23 Exp3     9918 |   +0.046   +0.029   +0.036 |   +0.052   +0.037 |   +0.028 | 1.09
 23 Lau1     9916 |   -0.154   -0.165   -0.064 |   -0.141   -0.109 |   -0.178 | 1.10
 23 Pow1     9950 |   -0.028   -0.047   -0.006 |   -0.031   -0.022 |   -0.039 | 1.10
 24 Bern5    9954 |   +0.065   +0.046   +0.026 |   +0.068   +0.023 |   +0.051 | 1.10
 24 Exp1     9970 |   -0.075   -0.092   -0.014 |   -0.069   -0.050 |   -0.095 | 1.10
 24 Pow1     9994 |   -0.101   -0.116   -0.050 |   -0.088   -0.078 |   -0.121 | 1.10
 25 Bern5    9960 |   +0.111   +0.093   +0.083 |   +0.118   +0.087 |   +0.094 | 1.10
 25 Exp1     9966 |   -0.101   -0.108   -0.047 |   -0.083   -0.083 |   -0.122 | 1.10
 25 Pow1     9974 |   -0.108   -0.101   -0.036 |   -0.080   -0.055 |   -0.119 | 1.10
 26 Bern6    9990 |   +0.057   +0.042   +0.047 |   +0.081   +0.049 |   +0.035 | 1.09
 26 Exp1     9966 |   -0.080   -0.085   -0.013 |   -0.070   -0.036 |   -0.094 | 1.09
 26 Lau1     9974 |   -0.175   -0.196   -0.093 |   -0.174   -0.148 |   -0.197 | 1.10
 26 Pow1     9976 |   -0.077   -0.087   -0.009 |   -0.065   -0.038 |   -0.100 | 1.10
 27 Exp1     9986 |   -0.073   -0.083   -0.011 |   -0.092   -0.078 |   -0.065 | 1.07
 27 Lau1     9998 |   -0.162   -0.181   -0.059 |   -0.154   -0.114 |   -0.178 | 1.11
 27 Pow1     9998 |   -0.029   -0.048   -0.003 |   -0.037   -0.023 |   -0.049 | 1.09
 28 Exp1     9982 |   -0.059   -0.081   -0.004 |   -0.091   -0.033 |   -0.054 | 1.08
 28 Lau1    10000 |   -0.170   -0.184   -0.106 |   -0.154   -0.142 |   -0.198 | 1.09
 28 Pow1     9998 |   +0.067   +0.056   +0.026 |   +0.078   +0.024 |   +0.068 | 1.08
 29 Bern5    8708 |   -0.111   -0.126   -0.005 |   -0.158   -0.074 |   -0.054 | 1.07
 29 Exp3     9536 |   +0.023   +0.007   +0.009 |   +0.021   +0.005 |   +0.041 | 1.08
 29 Lau1     9960 |   -0.155   -0.163   -0.067 |   -0.146   -0.110 |   -0.175 | 1.08
 29 Pow1     9914 |   +0.075   +0.063   +0.034 |   +0.076   +0.035 |   +0.079 | 1.09
 30 Bern6    9922 |   -0.001   -0.006   +0.010 |   +0.021   +0.008 |   -0.031 | 1.08
 30 Exp1     9854 |   -0.034   -0.033   -0.002 |   -0.003   -0.003 |   -0.056 | 1.08
 30 Lau1     9940 |   -0.184   -0.204   -0.137 |   -0.181   -0.168 |   -0.201 | 1.09
 30 Pow1     9942 |   +0.026   +0.014   +0.010 |   +0.030   +0.006 |   +0.020 | 1.08
