mA  exp[fb]  -2s  -1s  +1s  +2s | run2xs  ratio-1 | wilson3 wilson2 ratio-1
 1   55.00  27.50  37.60  82.40 120.52 |  17.82 +2.086 | 0.105 0.061 +0.721
 2   10.55   5.60   7.50  15.13  21.42 |   4.74 +1.227 | 0.04581 0.032 +0.432
 3    6.56   3.38   4.63   9.57  13.42 |   2.78 +1.358 | 0.03624 0.024 +0.510
 4    2.30   1.12   1.60   3.52   5.13 |   2.69 -0.142 | 0.02157 0.024 -0.101
 5    1.76   0.85   1.16   2.74   4.08 |   2.39 -0.265 | 0.01895 0.023 -0.176
 6    2.15   1.07   1.48   3.21   4.74 |   1.71 +0.257 | 0.02111 0.019 +0.111
 7    2.23   1.08   1.54   3.33   4.81 |   2.88 -0.227 | 0.02168 0.025 -0.133
 8    2.23   1.11   1.57   3.40   4.90 |   2.69 -0.171 | 0.02191 0.025 -0.124
 9    2.07   1.00   1.37   3.09   4.57 |   2.49 -0.169 | 0.02138 0.024 -0.109
10    2.23   1.01   1.47   3.43   5.08 |   3.27 -0.319 | 0.02248 0.028 -0.197
11    2.54   1.23   1.68   3.79   5.54 |   3.56 -0.288 | 0.02438 0.03 -0.187
12    2.77   1.34   1.88   4.14   6.05 |   3.27 -0.152 | 0.02592 0.029 -0.106
13    2.77   1.34   1.92   4.14   6.12 |   3.47 -0.200 | 0.02643 0.031 -0.148
14    3.40   1.70   2.31   5.05   7.32 |   3.66 -0.072 | 0.02988 0.032 -0.066
15    2.54   1.07   1.58   3.96   5.93 |   3.86 -0.342 | 0.02644 0.034 -0.222
16    3.12   1.51   2.14   4.67   6.82 |   4.15 -0.247 | 0.0301 0.036 -0.164
17    3.01   1.46   2.09   4.59   6.62 |   4.20 -0.284 | 0.03039 0.037 -0.179
18    4.10   2.11   2.86   6.10   8.74 |   4.15 -0.012 | 0.03663 0.038 -0.036
19    4.49   2.32   3.17   6.68   9.49 |   4.93 -0.089 | 0.03969 0.043 -0.077
20    4.34   2.20   3.04   6.44   9.18 |   4.25 +0.021 | 0.04052 0.041 -0.012
21    4.41   2.28   3.11   6.56   9.29 |   4.64 -0.048 | 0.04266 0.045 -0.052
22    4.65   2.36   3.25   6.83   9.72 |   4.64 +0.002 | 0.04589 0.047 -0.024
23    5.59   2.88   3.94   8.12  11.48 |   5.91 -0.055 | 0.05304 0.056 -0.053
24    5.27   2.72   3.68   7.84  11.14 |   6.10 -0.136 | 0.05468 0.061 -0.104
25    5.12   2.64   3.57   7.44  10.46 |   6.20 -0.175 | 0.0576 0.065 -0.114
26    6.52   3.77   4.85   9.05  12.38 |   5.03 +0.297 | 0.07023 0.064 +0.097
27    5.35   2.80   3.80   7.70  10.81 |   5.13 +0.044 | 0.0695 0.07 -0.007
28    6.05   3.17   4.25   8.71  12.08 |   5.13 +0.181 | 0.08207 0.078 +0.052
29    5.16   2.70   3.66   7.42  10.29 |   5.13 +0.006 | 0.08588 0.088 -0.024
30    5.04   2.64   3.58   7.25   9.99 |   4.74 +0.064 | 0.09931 0.099 +0.003
