mA  exp[fb]  -2s  -1s  +1s  +2s | run2xs  ratio-1 | wilson3 wilson2 ratio-1
 1   56.09  28.05  38.56  83.60 121.31 |  17.82 +2.147 | 0.106 0.061 +0.738
 2   10.51   5.58   7.47  15.07  21.40 |   4.74 +1.219 | 0.04573 0.032 +0.429
 3    6.60   3.40   4.60   9.58  13.43 |   2.78 +1.372 | 0.03635 0.024 +0.514
 4    2.38   1.15   1.58   3.56   5.20 |   2.69 -0.113 | 0.02193 0.024 -0.086
 5    1.84   0.86   1.20   2.80   4.24 |   2.39 -0.233 | 0.01936 0.023 -0.158
 6    2.23   1.08   1.54   3.33   4.86 |   1.71 +0.303 | 0.02149 0.019 +0.131
 7    2.30   1.12   1.52   3.44   4.92 |   2.88 -0.200 | 0.02206 0.025 -0.118
 8    2.30   1.12   1.60   3.44   5.03 |   2.69 -0.142 | 0.02229 0.025 -0.108
 9    2.07   1.00   1.40   3.16   4.68 |   2.49 -0.169 | 0.02138 0.024 -0.109
10    2.23   1.01   1.50   3.47   5.15 |   3.27 -0.319 | 0.02248 0.028 -0.197
11    2.54   1.23   1.68   3.79   5.57 |   3.56 -0.288 | 0.02438 0.03 -0.187
12    2.77   1.34   1.88   4.14   6.05 |   3.27 -0.152 | 0.02592 0.029 -0.106
13    2.77   1.34   1.92   4.14   6.12 |   3.47 -0.200 | 0.02643 0.031 -0.148
14    3.40   1.70   2.31   5.05   7.32 |   3.66 -0.072 | 0.02988 0.032 -0.066
15    2.50   1.05   1.64   3.97   5.93 |   3.86 -0.352 | 0.02624 0.034 -0.228
16    3.09   1.54   2.17   4.71   6.79 |   4.15 -0.256 | 0.02992 0.036 -0.169
17    3.01   1.46   2.09   4.49   6.64 |   4.20 -0.284 | 0.03039 0.037 -0.179
18    4.10   2.11   2.89   6.10   8.74 |   4.15 -0.012 | 0.03663 0.038 -0.036
19    4.49   2.32   3.13   6.68   9.49 |   4.93 -0.089 | 0.03969 0.043 -0.077
20    4.34   2.20   3.00   6.41   9.19 |   4.25 +0.021 | 0.04052 0.041 -0.012
21    4.41   2.28   3.08   6.49   9.28 |   4.64 -0.048 | 0.04266 0.045 -0.052
22    4.65   2.36   3.22   6.83   9.72 |   4.64 +0.002 | 0.04589 0.047 -0.024
23    5.51   2.84   3.84   8.01  11.39 |   5.91 -0.068 | 0.05267 0.056 -0.059
24    5.20   2.64   3.64   7.72  11.03 |   6.10 -0.149 | 0.05427 0.061 -0.110
25    5.04   2.60   3.51   7.33  10.36 |   6.20 -0.187 | 0.05716 0.065 -0.121
26    6.45   3.73   4.75   8.94  12.31 |   5.03 +0.282 | 0.0698 0.064 +0.091
27    5.27   2.76   3.74   7.67  10.71 |   5.13 +0.029 | 0.06899 0.07 -0.014
28    5.98   3.13   4.24   8.64  12.03 |   5.13 +0.166 | 0.08153 0.078 +0.045
29    5.12   2.68   3.63   7.36  10.28 |   5.13 -0.002 | 0.08556 0.088 -0.028
30    5.04   2.64   3.58   7.25   9.99 |   4.74 +0.064 | 0.09931 0.099 +0.003
