mA ch   yield_ratio  mean_shift[GeV] width68_rel  ratio(5GeV bins 110-140, shape only)
 1 ele     1.047        0.448       0.014   0.889 0.963 1.008 0.989 0.981 1.030
 1 mu      1.048        0.457       0.009   0.893 0.946 1.025 0.991 0.974 1.012
 2 ele     0.986        0.051      -0.003   0.955 1.011 1.007 0.996 0.971 0.953
 2 mu      1.000       -0.005      -0.019   0.933 1.001 1.011 0.994 0.948 0.962
 3 ele     1.004        0.008      -0.005   0.931 1.050 1.004 0.990 0.930 1.006
 3 mu      1.008        0.015       0.002   0.968 1.016 0.999 1.004 0.912 0.920
 4 ele     1.019        0.041      -0.006   0.949 1.003 1.004 0.999 0.970 0.986
 4 mu      1.022        0.005       0.005   1.003 1.040 1.003 0.993 0.971 0.954
 5 ele     1.035        0.013       0.001   0.978 1.028 1.004 0.989 0.980 1.029
 5 mu      1.039        0.004      -0.005   0.918 1.024 1.003 0.997 0.924 1.004
 6 ele     1.026        0.019       0.000   0.986 1.003 1.003 0.995 1.008 1.088
 6 mu      1.028        0.024       0.003   0.892 1.025 1.002 1.000 0.964 0.984
 7 ele     1.026        0.030      -0.007   0.970 1.006 1.004 0.992 1.038 0.999
 7 mu      1.024        0.011       0.003   0.957 1.008 1.007 0.992 0.951 0.950
 8 ele     1.020        0.014      -0.010   0.977 1.004 1.007 0.990 0.970 1.034
 8 mu      1.023        0.017       0.001   0.960 1.022 1.003 0.994 1.108 1.072
 9 ele     1.019        0.043      -0.006   0.937 1.009 1.008 0.989 1.006 0.965
 9 mu      1.019        0.023       0.005   0.951 1.004 1.003 0.996 1.011 0.931
10 ele     1.011        0.042      -0.008   0.929 1.006 0.999 1.002 1.017 1.202
10 mu      1.010        0.008      -0.002   0.953 1.028 1.005 0.992 0.984 1.118
15 ele     1.000        0.049      -0.005   0.938 1.009 0.997 1.003 1.042 0.984
15 mu      0.999        0.005       0.006   0.970 1.021 1.005 0.991 1.063 1.165
20 ele     0.989        0.013       0.001   0.977 1.011 1.003 0.992 1.022 1.085
20 mu      0.989        0.017       0.008   0.991 1.002 1.003 0.996 0.999 1.119
25 ele     0.985        0.037      -0.012   0.948 1.002 1.003 0.998 1.000 0.950
25 mu      0.985        0.034       0.000   0.952 0.985 1.000 1.002 1.080 1.035
30 ele     0.993        0.038      -0.002   0.945 1.005 1.002 0.997 1.039 1.153
30 mu      0.989        0.022       0.001   0.924 1.012 0.996 1.007 0.999 1.045
